Img1	Poly1	

Img2	Poly1	

Img3	Poly1	553517.409281	8709627.77051	0.0	553515.291767	8709620.72146	0.0	553515.846051	8709608.86847	0.0	553517.23759	8709599.81377	0.0	553514.492209	8709590.61571	0.0	553511.965994	8709582.1229	0.0	553508.795441	8709571.51211	0.0	553502.339465	8709563.66157	0.0	553496.962847	8709559.36098	0.0	553487.939021	8709556.42075	0.0	553474.928344	8709553.44387	0.0	553459.730697	8709542.83056	0.0	553456.192843	8709530.98501	0.0	553453.68857	8709522.62293	0.0	553448.661851	8709519.13804	0.0	553439.073979	8709513.58184	0.0	553435.130707	8709500.40326	0.0	553433.269477	8709494.15795	0.0	553430.570996	8709485.14129	0.0	553426.844022	8709472.65061	0.0	553424.152333	8709463.63174	0.0	553421.45459	8709454.61508	0.0	553421.23577	8709440.62536	0.0	553421.847481	8709429.37712	0.0	553421.019542	8709426.59183	0.0	553411.71857	8709422.00571	0.0	553410.67909	8709418.53836	0.0	553402.265671	8709416.75564	0.0	553385.78439	8709413.91319	0.0	553377.316384	8709411.47323	0.0	553376.492578	8709408.73239	0.0	553367.86914	8709405.63358	0.0	553355.847364	8709416.47773	0.0	553350.997022	8709425.58265	0.0	553345.578133	8709432.60238	0.0	553347.592687	8709439.36175	0.0	553342.800483	8709448.34361	0.0	553338.234111	8709457.94749	0.0	553340.233958	8709464.66888	0.0	553332.430079	8709475.59705	0.0	553330.778071	8709482.33326	0.0	553326.877612	8709493.75787	0.0	553327.674808	8709496.42141	0.0	553320.774666	8709509.77788	0.0	553314.333993	8709524.33786	0.0	553307.75227	8709538.11574	0.0	553308.512545	8709552.53284	0.0	553302.772162	8709568.73281	0.0	553297.466887	8709586.09977	0.0	553286.602	8709619.10946	0.0	553275.895184	8709640.21795	0.0	553267.214704	8709656.12647	0.0	553259.201615	8709673.76597	0.0	553257.383123	8709689.79492	0.0	553254.473537	8709701.94039	0.0	553253.947469	8709711.14496	0.0	553250.859271	8709722.55982	0.0	553241.918103	8709735.83803	0.0	553231.474769	8709754.25333	0.0	553236.109982	8709769.77561	0.0	553236.298021	8709770.39575	0.0	553234.221073	8709784.58478	0.0	553236.26611	8709791.39153	0.0	553240.439466	8709794.86091	0.0	553240.318579	8709805.01968	0.0	553226.033873	8709819.94812	0.0	553224.117767	8709823.8392	0.0	553210.998331	8709841.52684	0.0	553199.409428	8709853.33531	0.0	553207.679091	8709860.87997	0.0	553186.794919	8709880.88165	0.0	553174.95832	8709900.11124	0.0	553172.065533	8709909.8153	0.0	553168.496951	8709917.09644	0.0	553167.576188	8709923.68537	0.0	553163.656002	8709929.73589	0.0	553154.135113	8709935.87136	0.0	553140.556654	8709946.70653	0.0	553128.86805	8709953.88108	0.0	553103.248533	8709967.98313	0.0	553068.774	8709984.52922	0.0	553035.689498	8710001.03535	0.0	553027.394514	8710006.43299	0.0	553019.00535	8710011.23869	0.0	553006.658758	8710018.63063	0.0	553002.475703	8710020.71235	0.0	552985.609293	8710027.86827	0.0	552977.44663	8710031.93202	0.0	552971.856244	8710036.54694	0.0	552966.613319	8710042.19068	0.0	552957.585357	8710050.28769	0.0	552939.373905	8710064.64104	0.0	552937.59725	8710066.10714	0.0	552927.288348	8710075.89097	0.0	552925.258662	8710091.02778	0.0	552928.800527	8710102.86224	0.0	552923.864208	8710108.11277	0.0	552919.256511	8710114.35615	0.0	552909.688423	8710125.18928	0.0	552906.54754	8710135.8658	0.0	552899.290705	8710146.62757	0.0	552894.082331	8710156.95891	0.0	552890.423252	8710165.40312	0.0	552886.207534	8710171.79155	0.0	552881.836177	8710191.11382	0.0	552876.188139	8710199.12145	0.0	552872.061375	8710205.3293	0.0	552867.51883	8710210.0267	0.0	552857.236339	8710221.51293	0.0	552853.939411	8710229.99753	0.0	552853.716179	8710248.57598	0.0	552847.769402	8710260.6885	0.0	552862.927186	8710253.56285	0.0	552874.550082	8710246.73501	0.0	552879.830103	8710244.62278	0.0	552901.144419	8710242.2056	0.0	552916.997814	8710233.67371	0.0	552938.984891	8710223.21836	0.0	552957.816456	8710214.55737	0.0	552988.271045	8710205.89278	0.0	553008.518722	8710197.84042	0.0	553025.857857	8710186.17119	0.0	553043.55819	8710174.25868	0.0	553057.946084	8710166.02564	0.0	553072.896613	8710158.75451	0.0	553091.647808	8710154.88456	0.0	553104.204388	8710146.07878	0.0	553115.307399	8710140.32848	0.0	553130.233293	8710138.07191	0.0	553153.874282	8710137.48446	0.0	553170.748307	8710130.75352	0.0	553197.694677	8710119.34996	0.0	553217.895364	8710111.28351	0.0	553237.605733	8710100.0823	0.0	553270.399626	8710090.99721	0.0	553296.494447	8710076.47108	0.0	553323.479959	8710062.1776	0.0	553346.689232	8710054.23828	0.0	553367.674571	8710047.93352	0.0	553374.449495	8710037.382	0.0	553387.449461	8710024.94591	0.0	553394.20712	8710013.5333	0.0	553401.573274	8710003.9722	0.0	553405.743589	8709994.96573	0.0	553412.843268	8709983.95241	0.0	553410.514638	8709976.14907	0.0	553423.085094	8709959.72737	0.0	553427.988129	8709952.42927	0.0	553432.691262	8709944.44287	0.0	553440.021978	8709933.02855	0.0	553444.789576	8709924.93167	0.0	553450.400946	8709919.44043	0.0	553457.478673	8709906.4697	0.0	553462.560621	8709898.87913	0.0	553470.937075	8709889.76795	0.0	553480.896914	8709872.97531	0.0	553485.6999	8709863.83293	0.0	553490.530099	8709854.63759	0.0	553492.055986	8709846.94657	0.0	553506.87544	8709832.20505	0.0	553504.41092	8709823.96763	0.0	553509.771741	8709815.92085	0.0	553521.976664	8709791.08208	0.0	553526.344037	8709765.82826	0.0	553532.635707	8709746.64466	0.0	553540.249146	8709731.50695	0.0	553539.145827	8709714.22723	0.0	553537.260927	8709707.88593	0.0	553531.215217	8709701.27146	0.0	553528.489359	8709692.12872	0.0	553527.426898	8709688.61585	0.0	553524.279081	8709678.06731	0.0	553522.608509	8709672.43994	0.0	553524.209572	8709664.22726	0.0	553522.525658	8709658.59245	0.0	553522.324515	8709657.886	0.0	553524.135601	8709650.34505	0.0	553526.39097	8709644.18769	0.0	553529.719467	8709641.54688	0.0	553524.714821	8709638.53365	0.0	553523.441038	8709634.29832	0.0	553523.231025	8709633.59044	0.0	553517.409281	8709627.77051	0.0	

Img4	Poly1	

Img5	Poly1	

Img6	Poly1	

Img7	Poly1	

Img8	Poly1	

Img9	Poly1	

Img10	Poly1	

Img11	Poly1	

Img12	Poly1	

Img13	Poly1	

Img14	Poly1	

Img15	Poly1	

Img16	Poly1	

Img17	Poly1	

Img18	Poly1	

Img19	Poly1	

Img20	Poly1	

Img21	Poly1	

Img22	Poly1	

Img23	Poly1	

Img24	Poly1	

