Img1	Poly1	

Img2	Poly1	

Img3	Poly1	2979.8218943	1908.29066575	3013.36341798	1908.29066575	3063.6757035	1904.93651338	3100.57137955	1901.58236102	3144.17536033	1901.58236102	3184.42518874	1901.58236102	3234.73747426	1901.58236102	3278.34145504	1904.93651338	3305.17467399	1908.29066575	3332.00789293	1914.99897049	3365.54941661	1925.06142759	3435.98661633	1935.12388469	3493.00720659	1935.12388469	3533.257035	1935.12388469	3556.73610158	1938.47803706	3596.98592999	1945.1863418	3660.71482498	1945.1863418	3690.90219629	1945.1863418	3734.50617708	1945.1863418	3794.8809197	1945.1863418	3838.48490048	1945.1863418	3882.08888126	1945.1863418	3942.46362388	1941.83218943	3989.42175704	1938.47803706	4002.83836651	1938.47803706	4039.73404255	1945.1863418	4056.50480439	1945.1863418	4079.98387097	1951.89464653	4123.58785175	1965.31125601	4150.42107069	1972.01956074	4163.83768016	1972.01956074	4194.02505148	1978.72786548	4170.5459849	1992.14447495	4140.35861359	1998.85277968	4120.23369938	2005.56108442	4086.6921757	2005.56108442	4056.50480439	2012.26938916	4022.96328071	2018.97769389	3989.42175704	2018.97769389	3955.88023336	2029.040151	3929.04701441	2032.39430336	3885.44303363	2039.1026081	3872.02642416	2039.1026081	3825.06829101	2049.1650652	3771.40185312	2059.22752231	3721.0895676	2069.28997941	3654.00652025	2072.64413178	3590.27762526	2082.70658888	3519.84042553	2092.76904598	3385.67433082	2112.89396019	3305.17467399	2129.66472203	3244.79993137	2143.0813315	3174.36273164	2156.49794097	3100.57137955	2163.20624571	3046.90494166	2169.91455045	3003.30096088	2173.26870281	2952.98867536	2179.97700755	2902.67638984	2193.39361702	2828.88503775	2210.16437886	2745.03122855	2210.16437886	2741.67707618	2210.16437886	2674.59402883	2216.8726836	2637.69835278	2216.8726836	2614.2192862	2213.51853123	2563.90700069	2216.8726836	2510.2405628	2236.9975978	2493.46980096	2240.35175017	2423.03260124	2260.47666438	2379.42862045	2277.24742622	2329.11633493	2270.53912148	2255.32498284	2300.72649279	2171.47117364	2320.851407	2124.51304049	2327.55971174	2090.97151682	2334.26801647	2057.42999314	2337.62216884	2030.59677419	2344.33047358	2010.47185999	2357.74708305	1970.22203157	2377.87199725	1946.742965	2394.64275909	1903.13898421	2431.53843514	1856.18085106	2481.85072066	1805.86856555	2532.16300618	1785.74365134	2545.57961565	1768.9728895	2558.99622512	1742.13967056	2579.12113933	1735.43136582	2585.82944406	1715.30645161	2612.66266301	1701.88984214	2626.07927248	1681.76492793	2636.14172958	1654.93170899	2646.20418668	1618.03603294	2662.97494852	1554.30713795	2696.5164722	1547.59883322	2699.87062457	1500.64070007	2719.99553878	1410.07858614	2730.05799588	1332.93308167	2730.05799588	1306.09986273	2740.12045299	1272.55833905	2750.18291009	1215.5377488	2770.3078243	1151.80885381	2780.3702814	1091.43411119	2797.14104324	1031.05936857	2810.55765271	980.747083047	2820.62010981	943.851407001	2830.68256692	823.101921757	2847.45332876	776.143788607	2860.86993823	739.24811256	2870.93239533	712.414893617	2880.99485244	645.331846259	2904.47391901	591.665408373	2914.53637612	467.561770762	2924.59883322	390.416266301	2941.36959506	427.311942347	2911.18222375	464.207618394	2887.70315717	474.270075498	2877.64070007	474.270075498	2840.74502402	517.87405628	2810.55765271	568.186341798	2770.3078243	608.436170213	2736.76630062	638.623541524	2686.4540151	672.165065202	2652.91249142	729.185655456	2622.72512011	786.20624571	2592.5377488	823.101921757	2569.05868222	853.289293068	2545.57961565	859.997597804	2518.74639671	900.247426218	2498.6214825	923.726492793	2481.85072066	923.726492793	2461.72580645	906.955730954	2431.53843514	930.434797529	2408.05936857	970.684625944	2371.16369252	997.517844887	2344.33047358	1041.12182567	2317.49725463	1061.24673988	2277.24742622	1114.91317776	2243.70590254	1165.22546328	2210.16437886	1185.35037749	2183.33115992	1198.76698696	2159.85209334	1245.72512011	2149.78963624	1296.03740563	2133.0188744	1346.34969115	2122.9564173	1386.59951956	2112.89396019	1426.84934798	2106.18565546	1473.80748113	2096.12319835	1514.05730954	2096.12319835	1581.1403569	2079.35243651	1611.32772821	2072.64413178	1644.86925189	2065.93582704	1691.82738504	2055.87336994	1725.36890872	2049.1650652	1745.49382292	2042.45676047	1799.16026081	2032.39430336	1829.34763212	2025.68599863	1862.8891558	2015.62354152	1929.97220316	2002.20693205	1966.8678792	1995.49862732	2003.76355525	1988.79032258	2037.30507893	1985.43617021	2087.61736445	1968.66540837	2127.86719286	1968.66540837	2158.05456417	1961.95710364	2255.32498284	1945.1863418	2362.65785861	1935.12388469	2439.80336307	1925.06142759	2496.82395333	1914.99897049	2573.96945779	1911.64481812	2604.1568291	1911.64481812	2641.05250515	1914.99897049	2684.65648593	1914.99897049	2701.42724777	1914.99897049	2751.73953329	1914.99897049	2778.57275223	1914.99897049	2812.11427591	1911.64481812	2838.94749485	1911.64481812	2842.30164722	1911.64481812	2872.48901853	1908.29066575	2895.96808511	1904.93651338	2902.67638984	1901.58236102	2922.80130405	1904.93651338	2942.92621826	1904.93651338	2946.28037062	1904.93651338	2979.8218943	1908.29066575	

Img4	Poly1	

Img5	Poly1	

Img6	Poly1	

Img7	Poly1	

Img8	Poly1	

Img9	Poly1	

Img10	Poly1	

Img11	Poly1	

Img12	Poly1	

Img13	Poly1	

Img14	Poly1	

Img15	Poly1	

Img16	Poly1	

Img17	Poly1	

Img18	Poly1	

Img19	Poly1	

Img20	Poly1	

Img21	Poly1	

Img22	Poly1	

Img23	Poly1	

Img24	Poly1	

