x	y	z
553676.057083109	8709559.99409535	0.0
553226.4627907432	8710113.780677337	0.0
553962.3616543091	8709337.636774756	0.0
553362.9480207991	8710034.59901852	0.0
554387.6594513813	8709006.913148727	0.0
553224.9532685856	8710044.053626245	0.0
552990.277280391	8710214.605535148	0.0
554206.0334654266	8709083.696001897	0.0
554307.2208082709	8709037.919200437	0.0
554263.026909478	8709057.137640312	0.0
554453.071460949	8708977.517521054	0.0
554357.4179995316	8708910.807377135	0.0
554431.1997380689	8708612.969579082	0.0
553796.0427025844	8709461.180851797	0.0
553262.3486792794	8710083.723039467	0.0
553266.6733033537	8710081.935806617	0.0
553219.2964302967	8710093.414350288	0.0
552901.6808606766	8710253.994247764	0.0
552899.1734619837	8710254.161888812	0.0
552912.2435462945	8710247.960224776	0.0
553364.0351892175	8710033.737820404	0.0
553438.7319954231	8710023.519556735	0.0
553595.1951390514	8709765.814066118	0.0
553020.0561227973	8710205.588264106	0.0
553725.1480903206	8709477.397633828	0.0
553453.802808143	8709970.951177867	0.0
554395.6424027396	8708728.977240661	0.0
553794.221729402	8709421.05053782	0.0
553941.0542452822	8709287.989559565	0.0
554212.2352211976	8709083.865502324	0.0
554405.2574788139	8709003.957182046	0.0
552907.4961637803	8710255.96398126	0.0
553663.565270605	8709608.266978038	0.0
554575.918395347	8708543.233814007	0.0
552772.5766297731	8710305.330842862	0.0
552973.9504495218	8710262.612252502	0.0
553474.9439989612	8709977.41075923	0.0
553284.811498362	8710075.574779969	0.0
553686.3399083044	8709481.0755658	0.0
554032.4565048286	8709197.229585666	0.0
553709.0415963432	8709485.1082752	0.0
553722.4602570019	8709474.77681053	0.0
553755.0505823735	8709480.274315957	0.0
553767.6371782575	8709453.13730956	0.0
553895.0977995339	8709402.851487163	0.0
553276.5338677387	8710084.194305506	0.0
553690.7848192551	8709555.648299202	0.0
554400.9974374408	8708879.168118538	0.0
554549.2287146035	8708567.122170314	0.0
554728.2503964991	8708495.047718484	0.0
554434.9647493004	8708652.06979339	0.0
552821.9727459549	8710268.149291007	0.0
553008.5828191387	8710208.583585175	0.0
553871.89752581	8709333.10312876	0.0
554713.8382954071	8708485.04541007	0.0
554396.7230325306	8708644.322025094	0.0
554723.7652713034	8708467.375214908	0.0
553198.3769150604	8710096.245055607	0.0
554691.556039172	8708479.157842379	0.0
554731.8808479063	8708472.880792197	0.0
554519.7248151442	8708586.879260855	0.0
554523.2000560557	8708587.97242544	0.0
552989.794272843	8710214.437932141	0.0
554467.0777880131	8708941.71330704	0.0
554640.687336266	8708867.661889242	0.0
553284.4960887687	8710067.393376265	0.0
553257.0436545749	8710085.248276029	0.0
552823.4039899898	8710269.921004351	0.0
553266.4855211047	8710082.097118031	0.0
553251.1933407871	8710088.617649946	0.0
554563.7944523634	8708904.798675587	0.0
554121.8565765162	8709158.925448919	0.0
553827.5629986457	8709372.304190498	0.0
553762.9298034293	8709435.297335112	0.0
553746.6195423488	8709439.269095879	0.0
554359.2862755896	8708800.329322763	0.0
554648.3879935346	8708667.922442004	0.0
554640.0915924842	8708677.747111268	0.0
553617.3531509961	8709710.427302066	0.0
553052.2258017291	8710226.541087747	0.0
552980.6960270633	8710218.47780155	0.0
552961.2214177054	8710229.217968268	0.0
552974.4474979925	8710225.262967387	0.0
553047.0213405795	8710231.79531984	0.0
553011.4240872189	8710217.386205891	0.0
553083.3920152641	8710225.659757195	0.0
553703.3335794536	8709519.477094159	0.0
553039.6676214024	8710209.54889475	0.0
553063.632052934	8710208.390445625	0.0
554640.71740059	8708503.397400377	0.0
553505.7203380251	8710001.839996116	0.0
553753.2520509221	8709501.48041171	0.0
553506.4153582255	8709845.659588259	0.0
553889.5308052932	8709313.569864962	0.0
554139.6995365705	8709125.269598844	0.0
554296.2803986071	8709080.751490956	0.0
554377.2639382265	8708885.54606251	0.0
553458.017870583	8709947.866506346	0.0
554532.5839027347	8708640.249039205	0.0
553297.2137805404	8710081.313477056	0.0
553232.813319714	8710091.109697353	0.0
553255.2876971611	8710087.234065864	0.0
553384.9143698058	8710069.20323435	0.0
553710.8659306363	8709509.833982188	0.0
553768.1110128448	8709486.270487295	0.0
554367.9471943801	8708912.973235037	0.0
554584.5126665807	8708819.932591181	0.0
553250.3302349024	8710089.063304856	0.0
552690.7180065562	8710305.9866995	0.0
553237.2472334724	8710090.535437047	0.0
552808.8875689267	8710269.868120259	0.0
552815.4959649832	8710269.036074327	0.0
552788.6807326009	8710273.663875015	0.0
552866.6904019831	8710260.324530423	0.0
552809.3099528193	8710270.550414784	0.0
553218.0047940216	8710093.327953875	0.0
552939.7522954519	8710232.980384862	0.0
553843.1626958863	8709330.82385153	0.0
554088.0869950391	8709137.076540468	0.0
553836.7299387584	8709333.720388351	0.0
554098.109291927	8709134.394526888	0.0
553862.9221635058	8709323.181052495	0.0
554095.6032478276	8709135.065084193	0.0
554117.3064065344	8709125.235679168	0.0
554114.7572838749	8709125.919870991	0.0
553214.5398911089	8710094.071588859	0.0
554101.2622078812	8709133.261485973	0.0
554126.7794211784	8709118.038031094	0.0
552876.8814544827	8710262.984066475	0.0
554086.9043802029	8709139.173230276	0.0
554089.5467590446	8709137.951106887	0.0
554100.49924307	8709132.66654386	0.0
554091.2629866559	8709136.977086635	0.0
554080.6086147974	8709141.519054845	0.0
554132.8872630385	8709114.879255148	0.0
554123.4911646001	8709119.585013548	0.0
554099.000531127	8709132.698958348	0.0
553821.3722735415	8709340.658076445	0.0
553026.9407198401	8710191.848260015	0.0
554107.199591239	8709129.410437679	0.0
554146.9374687305	8709108.39031996	0.0
554111.852893088	8709127.391271753	0.0
553857.2214782541	8709324.682779728	0.0
554145.4118959416	8709109.32384445	0.0
554143.7526540167	8709109.774988338	0.0
554113.2063233485	8709126.004130393	0.0
554147.0711378664	8709108.87270056	0.0
554082.8054842944	8709140.520788623	0.0
552813.5037308086	8710268.841120142	0.0
554109.9190221778	8709127.789169442	0.0
554108.5165244306	8709129.2262548	0.0
553114.9424839837	8710148.83154839	0.0
554519.6969947884	8708938.108961716	0.0
554099.8086643151	8709133.478737334	0.0
554583.5006650813	8708915.15790011	0.0
554090.0896174675	8709137.453075852	0.0
554149.3639610368	8709107.36469717	0.0
553752.169921486	8709481.92589199	0.0
554089.6627955844	8709136.996752676	0.0
554144.1712940143	8709109.828983897	0.0
554156.4457568035	8709107.005635628	0.0
553830.3941732249	8709338.359390939	0.0
554092.1916034778	8709135.72860269	0.0
554040.5721768267	8709183.500365008	0.0
553042.2499084229	8710185.149458913	0.0
553125.2687068188	8710144.597427025	0.0
553548.5115772524	8709682.387452025	0.0
552906.6396362053	8710256.995923873	0.0
554223.448247689	8709068.096880417	0.0
554130.2401268883	8709117.61711403	0.0
554549.9498145693	8708913.942093194	0.0
554131.0710714359	8709115.213942558	0.0
554072.9646117872	8709149.616746835	0.0
553853.8792102521	8709325.808496114	0.0
554245.2711809678	8709058.355077198	0.0
553208.5068745947	8710094.98455091	0.0
553063.8383708464	8710207.924431793	0.0
553607.9160296834	8709605.20830543	0.0
554055.1081186258	8709169.86454635	0.0
553015.6313836334	8710200.869836176	0.0
553016.894595057	8710200.117244838	0.0
554175.8547318666	8709116.806011632	0.0
554146.041844911	8709108.042644083	0.0
554016.7089641149	8709287.274667982	0.0
553837.6074376857	8709336.377236279	0.0
554055.3115864769	8709174.245448723	0.0
554303.3918327368	8708991.153340355	0.0
553922.614925757	8709295.608329061	0.0
553617.6192088182	8709588.106569296	0.0
553371.7463850018	8710023.322662998	0.0
553176.3028573777	8710100.847137755	0.0
554137.6585369764	8709112.757632926	0.0
553777.4076315594	8709765.072113989	0.0
552988.7722920855	8710213.508859655	0.0
553009.0637293997	8710197.848698277	0.0
553262.3722361628	8710078.991452277	0.0
553444.1382780658	8710059.719573366	0.0
553377.1236105618	8710078.965568345	0.0
553218.5948460676	8710093.607401287	0.0
553346.0096593519	8710066.251266323	0.0
553196.2974787969	8710097.162843954	0.0
554137.7592760787	8709113.071760714	0.0
553297.8095637123	8710070.802139448	0.0
553460.7765759167	8710049.348917691	0.0
553591.5044732154	8709828.082955465	0.0
553585.5218728574	8709807.939598162	0.0
553850.4163683652	8709332.98527063	0.0
553883.8391741232	8709318.78003062	0.0
554295.8642832973	8709007.787844628	0.0
553188.859087328	8710098.006170899	0.0
552817.6945642568	8710268.583917389	0.0
552867.7119330071	8710262.842517434	0.0
554344.5322819852	8708796.22656407	0.0
553291.2873830275	8710079.162016304	0.0
554105.3249394468	8709152.294132	0.0
552786.6680233467	8710264.796874005	0.0
554104.9747059227	8709152.8049021	0.0
552818.7648747612	8710268.239739658	0.0
554161.1424607865	8709114.234675147	0.0
554160.1232430072	8709102.59588505	0.0
554166.5526241284	8709099.238934308	0.0
553420.1803432886	8710010.801520346	0.0
552812.9601988585	8710269.47820992	0.0
553021.7548734436	8710202.56963657	0.0
553744.4404849099	8709481.540050814	0.0
554106.5973311082	8709129.691375462	0.0
553407.0314804391	8710005.49638375	0.0
552782.1800397784	8710275.792749971	0.0
553858.8745931296	8709323.827666149	0.0
554486.0173669776	8708658.38080362	0.0
553835.2123989016	8709334.136064772	0.0
553197.2240254191	8710097.025942458	0.0
554331.1711118526	8709027.077690825	0.0
554342.9947413115	8709019.751701066	0.0
554373.6785604921	8709005.642555417	0.0
553187.2824841267	8710099.310829723	0.0
553033.0111222387	8710196.795404367	0.0
554318.4928311135	8708849.627930395	0.0
553840.7767296508	8709343.890884653	0.0
553866.6979835851	8709320.475504184	0.0
554429.5005460944	8708644.23013316	0.0
554376.7855950356	8708755.745353092	0.0
553880.0595062703	8709315.303024046	0.0
553838.9052454008	8709337.549652841	0.0
553864.1126791314	8709321.046328584	0.0
553545.8073363162	8709827.68057078	0.0
553849.1878612583	8709327.324858945	0.0
554429.811202776	8708686.71342274	0.0
554575.2423629343	8708730.866802303	0.0
554031.1568940517	8709259.672874087	0.0
553985.1801393072	8709274.048446786	0.0
553997.5417619594	8709293.039488124	0.0
553890.0948520958	8709331.155316247	0.0
553807.6781791337	8709359.93919743	0.0
554376.7117383962	8708713.045689285	0.0
554382.5939421311	8708713.09911838	0.0
554333.8288767803	8708838.527361967	0.0
553906.5628124378	8709303.865789047	0.0
553931.6286977667	8709297.952961996	0.0
553843.0491096422	8709335.950813882	0.0
553969.4092867016	8709284.486358326	0.0
553615.7064571078	8709595.757873973	0.0
554348.8982908691	8708890.3993752	0.0
554153.7235818108	8709105.477815863	0.0
554372.278386601	8708720.38848772	0.0
554401.5875099378	8708735.854568332	0.0
553743.5553373409	8709437.138367062	0.0
553988.9437456077	8709276.487355594	0.0
554385.7621270608	8708687.849694708	0.0
553670.4648390017	8709811.778553674	0.0
554015.5669219573	8709265.816772163	0.0
554160.0508659214	8709103.138376031	0.0
552847.8649913452	8710264.604247935	0.0
554167.2761263857	8709099.104422845	0.0
553178.0918503045	8710133.315960154	0.0
554424.7515084408	8708637.694583418	0.0
553768.8092164695	8709760.472731734	0.0
553319.952100527	8710055.490432698	0.0
553407.3022070825	8710045.563680986	0.0
552937.1462132471	8710234.186621249	0.0
553457.1316376863	8710023.762073494	0.0
553448.4289522896	8710024.00169089	0.0
553286.8271148067	8710077.46005344	0.0
552968.1901791511	8710240.388897004	0.0
553016.9371245729	8710204.055281963	0.0
554344.124025822	8708997.654045183	0.0
553023.0485775536	8710198.999221923	0.0
553680.5171430871	8709880.06613872	0.0
553206.7911016495	8710095.342132194	0.0
553365.4430413846	8710073.737838663	0.0
554277.1521763098	8709022.28998148	0.0
554704.8969259725	8708664.906217217	0.0
552908.535610982	8710252.794440722	0.0
554145.69150933	8709111.906384993	0.0
553732.3105089329	8709850.238687377	0.0
553343.2708868498	8710042.286128312	0.0
553814.2132647679	8709357.495031679	0.0
553321.403584799	8710061.305506364	0.0
553561.420567156	8709854.55959639	0.0
554312.1215002285	8709036.963070864	0.0
553515.6103454262	8709929.300842447	0.0
554535.0654839708	8708583.441128913	0.0
553557.0516383346	8709926.761386378	0.0
553022.4245851978	8710204.874880236	0.0
554400.8796263516	8708613.136667047	0.0
554158.4526458284	8709105.347984476	0.0
553001.1832427502	8710210.94421372	0.0
553263.9719854161	8710086.3759761	0.0
553088.9709901604	8710208.602099907	0.0
553095.472318131	8710206.88401085	0.0
553735.6919370043	8709857.45043439	0.0
553909.0792430285	8709444.012976853	0.0
553274.4145793794	8710084.045780996	0.0
553403.1391151053	8710080.050550582	0.0
553657.80999805	8709861.609966442	0.0
554232.0227843596	8709074.195393601	0.0
553760.2308232171	8709758.480090411	0.0
553963.3947026739	8709223.947767973	0.0
553381.9361845783	8710021.51848736	0.0
552822.4224025225	8710267.98378577	0.0
554320.0172697823	8709062.666840281	0.0
553228.6098002802	8710091.883330317	0.0
554448.6736567677	8708584.881475445	0.0
553212.631533507	8710094.69483549	0.0
554346.239726123	8709020.99666433	0.0
554058.3394757019	8709176.310656965	0.0
552938.5315040981	8710240.287912805	0.0
553830.1581471984	8709340.393535579	0.0
554168.2209576322	8709099.273990758	0.0
554323.5928169941	8709029.382530203	0.0
553202.498751926	8710095.894280221	0.0
553385.5707358674	8710019.417744948	0.0
553860.7274050128	8709328.742859343	0.0
552806.3525817058	8710271.184380775	0.0
552798.7559683311	8710271.190569956	0.0
553185.2071038855	8710099.134850604	0.0
553205.6508552182	8710095.409867285	0.0
553358.0581020507	8710079.588762483	0.0
553121.7498351644	8710150.338047344	0.0
553046.9875603637	8710185.121161802	0.0
554185.5747076703	8709091.49317783	0.0
553058.8416806781	8710191.100633794	0.0
553202.6789728662	8710097.57524018	0.0
553203.8711017737	8710097.726666942	0.0
554149.5875065372	8709110.030905304	0.0
553204.3814678659	8710097.630989058	0.0
553289.2032097523	8710089.78543205	0.0
553198.8579359213	8710098.233804699	0.0
553237.2418156727	8710093.275283365	0.0
554567.0528173299	8708821.554370578	0.0
553217.6030011973	8710092.416068602	0.0
554180.5844094404	8709093.283732204	0.0
554205.1423006628	8709084.972686436	0.0
553041.2869403951	8710200.903844025	0.0
553073.7605974735	8710188.794090476	0.0
554188.4889826245	8709092.394141313	0.0
553516.203311708	8710000.45707955	0.0
554388.6211628849	8708707.863301383	0.0
